     1        0    32400   0.000
     2    20038    32400   0.020
     3    40075    32400   0.040
     4    60112    32400   0.060
     5    80149    32400   0.080
     6   100186    32400   0.100
     7   120223    33110   0.120
     8   140260    33110   0.140
     9   160297    33110   0.160
    10   180334    33110   0.180
    11   200371    33110   0.200
    12   220408    33110   0.220
    13   240445    34184   0.240
    14   260482    34184   0.260
    15   280519    34184   0.280
    16   300556    34184   0.300
    17   320593    34184   0.320
    18   340630    34184   0.340
    19   360667    35393   0.360
    20   380704    35393   0.380
    21   400741    35393   0.400
    22   420778    35393   0.420
    23   440815    35393   0.440
    24   460852    35393   0.460
    25   480889    36697   0.480
    26   500926    36697   0.500
    27   520963    36697   0.520
    28   541000    36697   0.540
    29   561037    36697   0.560
    30   581074    36697   0.580
    31   601111    38115   0.600
    32   621148    38115   0.620
    33   641185    38115   0.640
    34   661222    38115   0.660
    35   681259    38115   0.680
    36   701296    39571   0.700
    37   721333    39571   0.720
    38   741370    39571   0.740
    39   761407    39571   0.760
    40   781444    39571   0.780
    41   801481    39571   0.800
    42   821518    40990   0.820
    43   841555    40990   0.840
    44   861592    40990   0.860
    45   881629    40990   0.880
    46   901666    40990   0.900
    47   921703    40990   0.920
    48   941740    42509   0.940
    49   961777    42509   0.960
    50   981814    42509   0.980
    51  1001851    42509   1.000
    52  1021888    42509   1.020
    53  1041925    42509   1.040
    54  1061962    44045   1.060
    55  1081999    44045   1.080
    56  1102036    44045   1.100
    57  1122073    44045   1.120
    58  1142110    44045   1.140
    59  1162147    44045   1.160
    60  1182184    45581   1.180
    61  1202221    45581   1.200
    62  1222258    45581   1.220
    63  1242295    45581   1.240
    64  1262332    45581   1.260
    65  1282369    45581   1.280
    66  1302406    47111   1.300
    67  1322443    47111   1.320
    68  1342480    47111   1.340
    69  1362517    47111   1.360
    70  1382554    47111   1.380
    71  1402591    48658   1.400
    72  1422628    48658   1.420
    73  1442665    48658   1.440
    74  1462702    48658   1.460
    75  1482739    48658   1.480
    76  1502776    48658   1.500
    77  1522813    50258   1.520
    78  1542850    50258   1.540
    79  1562887    50258   1.560
    80  1582924    50258   1.580
    81  1602961    50258   1.600
    82  1622998    50258   1.620
    83  1643035    51899   1.640
    84  1663072    51899   1.660
    85  1683109    51899   1.680
    86  1703146    51899   1.700
    87  1723183    51899   1.720
    88  1743220    51899   1.740
    89  1763257    53568   1.760
    90  1783294    53568   1.780
    91  1803331    53568   1.800
    92  1823368    53568   1.820
    93  1843405    53568   1.840
    94  1863442    53568   1.860
    95  1883479    55156   1.880
    96  1903516    55156   1.900
    97  1923553    55156   1.920
    98  1943590    55156   1.940
    99  1963627    55156   1.960
   100  1983664    55156   1.980
   101  2003701    56748   2.000
   102  2023738    56748   2.020
   103  2043775    56748   2.040
   104  2063812    56748   2.060
   105  2083849    56748   2.080
   106  2103886    58365   2.100
   107  2123923    58365   2.120
   108  2143960    58365   2.140
   109  2163997    58365   2.160
   110  2184034    58365   2.180
   111  2204071    58365   2.200
   112  2224108    60010   2.220
   113  2244145    60010   2.240
   114  2264182    60010   2.260
   115  2284219    60010   2.280
   116  2304256    60010   2.300
   117  2324293    60010   2.320
   118  2344330    61641   2.340
   119  2364367    61641   2.360
   120  2384404    61641   2.380
   121  2404441    61641   2.400
   122  2424478    61641   2.420
   123  2444515    61641   2.440
   124  2464552    63247   2.460
   125  2484589    63247   2.480
   126  2504626    63247   2.500
